55
55
56
56
57
57
58
58
59
59
60
60
61
61
62
62
63
63
64
64
64
64
64
64
66
66
66
66
66
71
71
71
71
72
72
72
72
73
73
73
73
73
73
75
75
75
75
77
77
77
77
78
78
78
78
79
79
79
79
79
79
81
81
81
81
86
86
86
86
87
87
87
87
88
88
88
88
88
88
88
90
90
90
90
92
92
92
92
93
93
93
93
94
94
94
94
94
94
99
99
99
99
100
100
100
100
101
101
101
101
101
101
103
103
103
103
104
104
104
104
105
105
105
105
105
105
107
107
107
107
122
122
122
122
123
123
123
123
123
124
124
124
124
125
125
125
125
126
126
126
126
126
126
127
127
127
127
129
129
129
129
131
131
131
131
132
132
132
132
133
133
133
133
134
134
134
134
136
136
136
136
141
141
141
141
142
142
142
142
143
143
143
143
144
144
144
144
145
145
145
145
150
150
150
150
152
152
152
152
153
153
153
153
154
154
154
154
155
155
155
155
157
157
157
157
161
161
161
161
162
162
162
162
163
163
163
163
164
164
164
164
165
165
165
165
167
167
167
167
169
169
169
169
170
170
170
170
171
171
171
171
172
172
172
172
174
174
174
174
176
176
176
176
177
177
177
177
178
178
178
178
179
179
179
179
180
180
180
180
182
182
182
182
184
184
184
184
185
185
185
185
186
186
186
186
187
187
187
187
189
189
189
189
192
192
192
192
193
193
193
193
194
194
194
194
195
195
195
195
196
196
196
196
198
198
198
198
200
200
200
200
201
201
201
201
202
202
202
202
203
203
203
203
206
206
206
206
210
210
210
210
211
211
211
211
212
212
212
212
213
213
213
213
214
214
214
214
217
217
217
217
219
219
219
219
220
220
220
220
221
221
221
221
222
222
222
222
224
224
224
224
245
245
245
245
246
246
246
246
247
247
247
247
248
248
248
248
250
250
250
250
252
252
252
252
254
254
254
254
255
255
255
255
256
256
256
256
257
257
257
257
259
259
259
259
261
261
261
261
262
262
262
262
263
263
263
263
264
264
264
264
265
265
265
265
267
267
267
267
269
269
269
269
270
270
270
270
271
271
271
271
272
272
272
272
272
274
274
274
274
276
276
276
276
277
277
277
277
278
278
278
278
279
279
279
279
280
280
280
280
282
282
282
282
293
293
293
293
294
294
294
294
295
295
295
295
296
296
296
296
296
308
308
308
308
311
311
311
311
312
312
312
312
313
313
313
313
314
314
314
314
315
315
315
315
317
317
317
317
319
319
319
319
320
320
320
320
321
321
321
321
322
322
322
322
324
324
324
324
326
326
326
326
327
327
327
327
327
328
328
328
328
329
329
329
329
330
330
330
330
332
332
332
332
343
343
343
343
344
344
344
344
345
345
345
345
346
346
346
346
350
350
350
350
354
354
354
354
355
355
355
355
356
356
356
356
357
357
357
357
358
358
358
358
360
360
360
360
364
364
364
364
365
365
365
365
366
366
366
366
367
367
367
367
369
369
369
369
374
374
374
374
375
375
375
375
376
376
376
376
377
377
377
377
378
378
378
378
378
392
392
392
392
394
394
394
394
395
395
395
395
396
396
396
396
397
397
397
397
399
399
399
399
404
404
404
404
405
405
405
405
406
406
406
406
407
407
407
407
408
408
408
408
410
410
410
410
412
412
412
412
413
413
413
413
414
414
414
414
415
415
415
415
417
417
417
417
422
422
422
422
423
423
423
423
424
424
424
424
425
425
425
425
426
426
426
426
426
428
428
428
428
439
439
439
439
440
440
440
440
441
441
441
441
442
442
442
442
442
448
448
448
448
452
452
452
452
453
453
453
453
454
454
454
454
455
455
455
455
456
456
456
456
456
458
458
458
458
460
460
460
460
461
461
461
461
462
462
462
462
464
464
464
464
464
469
469
469
469
472
472
472
472
473
473
473
473
474
474
474
474
475
475
475
475
476
476
476
476
476
478
478
478
478
480
480
480
480
481
481
481
481
482
482
482
482
483
483
483
483
490
490
490
490
503
503
503
503
504
504
504
504
505
505
505
505
506
506
506
506
507
507
507
507
507
509
509
509
509
511
511
511
511
512
512
512
512
513
513
513
513
514
514
514
514
514
523
523
523
523
527
527
527
527
528
528
528
528
529
529
529
529
530
530
530
530
531
531
531
531
531
533
533
533
533
535
535
535
535
536
536
536
536
537
537
537
537
538
538
538
538
538
542
542
542
542
545
545
545
545
546
546
546
546
547
547
547
547
548
548
548
548
549
549
549
549
549
551
551
551
551
553
553
553
553
554
554
554
554
555
555
555
555
556
556
556
556
556
558
558
558
558
561
561
561
561
562
562
562
562
563
563
563
563
564
564
564
564
565
565
565
565
565
567
567
567
567
578
578
578
578
579
579
579
579
580
580
580
580
581
581
581
581
581
583
583
583
583
586
586
586
586
587
587
587
587
588
588
588
588
589
589
589
589
590
590
590
590
590
595
595
595
595
597
597
597
597
598
598
598
598
599
599
599
599
600
600
600
600
600
602
602
602
602
604
604
604
604
605
605
605
605
606
606
606
606
607
607
607
607
608
608
608
608
608
628
628
628
628
631
631
631
631
632
632
632
632
633
633
633
633
634
634
634
634
634
636
636
636
636
639
639
639
639
640
640
640
640
641
641
641
641
642
642
642
642
643
643
643
643
643
645
645
645
645
647
647
647
647
648
648
648
648
649
649
649
649
650
650
650
650
650
652
652
652
652
655
655
655
655
656
656
656
656
657
657
657
657
658
658
658
658
659
659
659
659
659
661
661
661
661
663
663
663
663
664
664
664
664
665
665
665
665
666
666
666
666
666
669
669
669
669
671
671
671
671
672
672
672
672
673
673
673
673
674
674
674
674
675
675
675
675
675
677
677
677
677
688
688
688
688
689
689
689
689
690
690
690
690
692
692
692
692
692
695
695
695
695
697
697
697
697
698
698
698
698
699
699
699
699
700
700
700
700
701
701
701
701
701
703
703
703
703
705
705
705
705
706
706
706
706
707
707
707
707
708
708
708
708
708
711
711
711
711
722
722
722
722
723
723
723
723
724
724
724
724
725
725
725
725
726
726
726
726
726
728
728
728
728
730
730
730
730
731
731
731
731
732
732
732
732
733
733
733
733
733
737
737
737
737
740
740
740
740
741
741
741
741
742
742
742
742
743
743
743
743
744
744
744
744
744
746
746
746
746
758
758
758
758
759
759
759
759
760
760
760
760
761
761
761
761
761
764
764
764
764
768
768
768
768
769
769
769
769
770
770
770
770
771
771
771
771
772
772
772
772
772
774
774
774
774
776
776
776
776
778
778
778
778
780
780
780
780
782
782
782
782
782
784
784
784
784
786
786
786
786
786
787
787
787
787
787
787
787
788
788
788
788
788
788
788
789
789
789
789
789
790
790
790
790
790
790
790
791
791
791
791
791
792
792
792
792
792
792
792
793
793
793
793
793
794
794
794
794
794
795
795
795
795
796
796
796
796
797
797
797
797
798
798
798
798
799
799
799
799
799
810
810
810
810
812
812
812
812
813
813
813
813
814
814
814
814
815
815
815
815
815
817
817
817
817
821
821
821
821
824
824
824
824
827
827
827
827
829
829
829
829
833
833
833
833
833
835
835
835
835
837
837
837
837
837
837
837
837
837
837
837
837
837
837
837
837
837
837
837
837
838
838
838
838
838
838
838
838
838
838
838
838
838
838
838
838
838
838
838
838
839
839
839
839
839
839
839
839
839
839
839
839
839
839
839
839
839
839
839
839
840
840
840
840
841
841
841
841
842
842
842
842
843
843
843
843
843
845
845
845
845
848
848
848
848
849
849
849
849
850
850
850
850
851
851
851
851
855
855
855
855
855
857
857
857
857
859
859
859
859
860
860
860
860
861
861
861
861
862
862
862
862
862
865
865
865
865
867
867
867
867
868
868
868
868
869
869
869
869
870
870
870
870
871
871
871
871
871
876
876
876
876
878
878
878
878
879
879
879
879
880
880
880
880
881
881
881
881
881
883
883
883
883
885
885
885
885
886
886
886
886
887
887
887
887
888
888
888
888
890
890
890
890
890
894
894
894
894
894
894
895
895
895
895
895
895
897
897
897
897
898
898
898
898
899
899
899
899
900
900
900
900
900
902
902
902
902
903
903
903
903
905
905
905
905
906
906
906
906
907
907
907
907
908
908
908
908
909
909
909
909
909
910
910
910
911
911
911
912
912
912
913
913
913
913
914
914
914
915
915
915
915
916
916
916
916
917
917
917
917
918
918
918
919
919
919
919
920
920
920
920
921
921
921
921
922
922
922
923
923
923
923
924
924
924
925
925
925
926
926
926
927
927
927
927
928
928
928
928
929
929
929
929
930
930
930
930
930
931
931
931
931
931
932
932
932
932
933
933
933
933
933
933
933
934
934
934
934
934
934
935
935
935
935
935
935
935
936
936
936
936
937
937
937
937
938
938
938
938
939
939
939
939
940
940
940
940
941
941
941
941
942
942
942
942
943
943
943
943
944
944
944
944
945
945
945
945
946
946
946
946
946
946
947
947
947
947
947
947
948
948
948
948
948
948
948
948
948
948
948
948
949
949
949
949
949
949
950
950
950
950
950
950
951
951
951
951
951
951
952
952
952
952
952
952
952
953
953
953
953
953
953
954
954
954
954
954
954
955
955
955
955
955
955
955
956
956
956
956
956
956
956
957
957
957
957
957
957
957
959
959
959
959
959
959
960
960
960
960
960
960
962
962
962
962
963
963
963
963
964
964
964
964
965
965
965
965
965
967
967
967
967
968
968
968
968
970
970
970
970
970
971
971
971
971
971
971
972
972
972
972
972
972
972
973
973
973
973
973
973
973
974
974
974
974
974
974
974
976
976
976
976
976
976
977
977
977
977
977
977
978
978
978
978
979
979
979
979
980
980
980
980
980
982
982
982
982
982
983
983
983
983
983
984
984
984
984
984
985
985
985
985
985
988
988
988
988
989
989
989
989
990
990
990
990
991
991
991
991
993
993
993
993
993
994
994
994
994
994
995
995
995
995
995
996
996
996
996
996
997
997
997
997
997
